0 0.000000 0.000000
1 -1.000000 -0.010976
2 -1.000000 -0.021957
3 -1.000000 -0.032946
4 -1.000000 -0.043949
5 -1.000000 -0.054969
6 -1.000000 -0.066011
7 -1.000000 -0.077079
8 -1.000000 -0.088178
9 -1.000000 -0.099312
10 -1.000000 -0.110487
11 -1.000000 -0.121707
12 -1.000000 -0.132976
13 -1.000000 -0.144300
14 -1.000000 -0.155684
15 -1.000000 -0.167132
16 -1.000000 -0.178650
17 -1.000000 -0.190244
18 -1.000000 -0.201919
19 -1.000000 -0.213680
20 -1.000000 -0.225535
21 -1.000000 -0.237488
22 -1.000000 -0.249546
23 -1.000000 -0.261716
24 -1.000000 -0.274005
25 -1.000000 -0.286419
26 -1.000000 -0.298967
27 -1.000000 -0.311655
28 -1.000000 -0.324492
29 -0.999999 -0.337486
30 -0.999999 -0.350647
31 -0.999999 -0.363983
32 -0.999999 -0.377503
33 -0.999999 -0.391220
34 -0.999999 -0.405142
35 -0.999999 -0.419281
36 -0.999999 -0.433650
37 -0.999999 -0.448261
38 -0.999999 -0.463127
39 -0.999999 -0.478263
40 -0.999999 -0.493683
41 -0.999999 -0.509404
42 -0.999999 -0.525443
43 -0.999999 -0.541817
44 -0.999999 -0.558547
45 -0.999999 -0.575652
46 -0.999999 -0.593155
47 -0.999998 -0.611081
48 -0.999998 -0.629453
49 -0.999998 -0.648300
50 -0.999998 -0.667652
51 -0.999998 -0.687540
52 -0.999998 -0.707999
53 -0.999998 -0.729065
54 -0.999998 -0.750781
55 -0.999998 -0.773189
56 -0.999998 -0.796337
57 -0.999997 -0.820279
58 -0.999997 -0.845071
59 -0.999997 -0.870776
60 -0.999997 -0.897462
61 -0.999997 -0.925207
62 -0.999997 -0.954093
63 -0.999997 -0.984214
64 -0.999997 -1.015673
65 -0.999996 -1.048584
66 -0.999996 -1.083076
67 -0.999996 -1.119291
68 -0.999996 -1.157393
69 -0.999996 -1.197562
70 -0.999995 -1.240005
71 -0.999995 -1.284957
72 -0.999995 -1.332687
73 -0.999995 -1.383501
74 -0.999994 -1.437756
75 -0.999994 -1.495864
76 -0.999994 -1.558304
77 -0.999993 -1.625642
78 -0.999993 -1.698543
79 -0.999992 -1.777803
80 -0.999992 -1.864373
81 -0.999991 -1.959408
82 -0.999991 -2.064318
83 -0.999990 -2.180845
84 -0.999990 -2.311171
85 -0.999989 -2.458056
86 -0.999988 -2.625056
87 -0.999987 -2.816822
88 -0.999986 -3.039560
89 -0.999984 -3.301746
90 -0.999983 -3.615258
91 -0.999981 -3.997283
92 -0.999978 -4.473651
93 -0.999975 -5.085052
94 -0.999970 -5.899519
95 -0.999964 -7.040033
96 -0.999955 -8.754037
97 -0.999940 -11.624215
98 -0.999908 -17.427038
99 -0.999812 -35.400134
100 -1.003758 701.207183
101 -1.000171 31.547300
102 -1.000087 15.966799
103 -1.000059 10.605857
104 -1.000044 7.889919
105 -1.000035 6.246906
106 -1.000029 5.144540
107 -1.000025 4.352642
108 -1.000022 3.755443
109 -1.000019 3.288352
110 -1.000017 2.912494
111 -1.000015 2.603064
112 -1.000014 2.343495
113 -1.000013 2.122295
114 -1.000012 1.931245
115 -1.000011 1.764309
116 -1.000010 1.616955
117 -1.000009 1.485711
118 -1.000009 1.367876
119 -1.000008 1.261314
120 -1.000007 1.164313
121 -1.000007 1.075488
122 -1.000006 0.993701
123 -1.000006 0.918012
124 -1.000006 0.847635
125 -1.000005 0.781910
126 -1.000005 0.720276
127 -1.000005 0.662253
128 -1.000004 0.607429
129 -1.000004 0.555448
130 -1.000004 0.505998
131 -1.000003 0.458807
132 -1.000003 0.413636
133 -1.000003 0.370272
134 -1.000002 0.328526
135 -1.000002 0.288228
136 -1.000002 0.249226
137 -1.000002 0.211383
138 -1.000001 0.174572
139 -1.000001 0.138680
140 -1.000001 0.103600
141 -1.000001 0.069236
142 -1.000000 0.035495
143 -1.000000 0.002294
144 -1.000000 -0.030448
145 -1.000000 -0.062807
146 -0.999999 -0.094856
147 -0.999999 -0.126664
148 -0.999999 -0.158301
149 -0.999998 -0.189832
150 -0.999998 -0.221322
151 -0.999998 -0.252837
152 -0.999998 -0.284441
153 -0.999997 -0.316200
154 -0.999997 -0.348180
155 -0.999997 -0.380451
156 -0.999997 -0.413082
157 -0.999996 -0.446146
158 -0.999996 -0.479721
159 -0.999996 -0.513887
160 -0.999995 -0.548730
161 -0.999995 -0.584343
162 -0.999995 -0.620824
163 -0.999994 -0.658281
164 -0.999994 -0.696829
165 -0.999993 -0.736595
166 -0.999993 -0.777721
167 -0.999993 -0.820361
168 -0.999992 -0.864688
169 -0.999992 -0.910893
170 -0.999991 -0.959194
171 -0.999991 -1.009835
172 -0.999990 -1.063094
173 -0.999990 -1.119289
174 -0.999989 -1.178783
175 -0.999988 -1.241999
176 -0.999988 -1.309428
177 -0.999987 -1.381643
178 -0.999986 -1.459323
179 -0.999985 -1.543274
180 -0.999984 -1.634461
181 -0.999983 -1.734056
182 -0.999982 -1.843485
183 -0.999981 -1.964516
184 -0.999979 -2.099355
185 -0.999978 -2.250803
186 -0.999976 -2.422460
187 -0.999974 -2.619044
188 -0.999971 -2.846856
189 -0.999968 -3.114503
190 -0.999965 -3.434072
191 -0.999961 -3.823070
192 -0.999956 -4.307866
193 -0.999949 -4.930100
194 -0.999940 -5.759616
195 -0.999928 -6.923216
196 -0.999909 -8.677592
197 -0.999877 -11.632905
198 -0.999812 -17.680646
199 -0.999605 -37.074629
200 -1.003758 350.606843
201 -1.000327 30.327513
202 -1.000171 15.760162
203 -1.000115 10.598990
204 -1.000087 7.953402
205 -1.000070 6.342242
206 -1.000058 5.256359
207 -1.000050 4.473640
208 -1.000043 3.881718
209 -1.000038 3.417643
210 -1.000034 3.043406
211 -1.000031 2.734697
212 -1.000028 2.475246
213 -1.000026 2.253750
214 -1.000024 2.062114
215 -1.000022 1.894383
216 -1.000020 1.746085
217 -1.000019 1.613790
218 -1.000017 1.494825
219 -1.000016 1.387077
220 -1.000015 1.288851
221 -1.000014 1.198773
222 -1.000013 1.115716
223 -1.000012 1.038748
224 -1.000012 0.967087
225 -1.000011 0.900079
226 -1.000010 0.837164
227 -1.000009 0.777868
228 -1.000009 0.721780
229 -1.000008 0.668544
230 -1.000008 0.617852
231 -1.000007 0.569432
232 -1.000007 0.523045
233 -1.000006 0.478479
234 -1.000005 0.435545
235 -1.000005 0.394075
236 -1.000004 0.353916
237 -1.000004 0.314930
238 -1.000004 0.276993
239 -1.000003 0.239989
240 -1.000003 0.203813
241 -1.000002 0.168367
242 -1.000002 0.133560
243 -1.000001 0.099307
244 -1.000001 0.065528
245 -1.000000 0.032145
246 -1.000000 -0.000913
247 -1.000000 -0.033717
248 -0.999999 -0.066336
249 -0.999999 -0.098836
250 -0.999998 -0.131282
251 -0.999998 -0.163741
252 -0.999997 -0.196277
253 -0.999997 -0.228956
254 -0.999996 -0.261846
255 -0.999996 -0.295014
256 -0.999995 -0.328532
257 -0.999995 -0.362474
258 -0.999995 -0.396917
259 -0.999994 -0.431942
260 -0.999993 -0.467635
261 -0.999993 -0.504091
262 -0.999992 -0.541407
263 -0.999992 -0.579691
264 -0.999991 -0.619062
265 -0.999991 -0.659646
266 -0.999990 -0.701585
267 -0.999989 -0.745035
268 -0.999989 -0.790169
269 -0.999988 -0.837181
270 -0.999987 -0.886289
271 -0.999986 -0.937740
272 -0.999986 -0.991813
273 -0.999985 -1.048827
274 -0.999984 -1.109151
275 -0.999983 -1.173209
276 -0.999982 -1.241495
277 -0.999980 -1.314588
278 -0.999979 -1.393173
279 -0.999978 -1.478062
280 -0.999976 -1.570230
281 -0.999975 -1.670857
282 -0.999973 -1.781388
283 -0.999971 -1.903605
284 -0.999969 -2.039742
285 -0.999967 -2.192631
286 -0.999964 -2.365918
287 -0.999961 -2.564384
288 -0.999957 -2.794420
289 -0.999953 -3.064771
290 -0.999947 -3.387725
291 -0.999941 -3.781122
292 -0.999933 -4.271877
293 -0.999923 -4.902605
294 -0.999909 -5.745022
295 -0.999890 -6.929897
296 -0.999862 -8.723610
297 -0.999813 -11.765460
298 -0.999711 -18.071694
299 -0.999374 -39.067627
300 -1.003758 233.741563
301 -1.000470 29.113976
302 -1.000250 15.462687
303 -1.000170 10.491830
304 -1.000129 7.915555
305 -1.000104 6.337007
306 -1.000086 5.268909
307 -1.000074 4.496857
308 -1.000065 3.911767
309 -1.000057 3.452275
310 -1.000051 3.081217
311 -1.000046 2.774767
312 -1.000042 2.516947
313 -1.000039 2.296640
314 -1.000035 2.105870
315 -1.000033 1.938769
316 -1.000030 1.790921
317 -1.000028 1.658937
318 -1.000026 1.540177
319 -1.000024 1.432548
320 -1.000023 1.334374
321 -1.000021 1.244293
322 -1.000020 1.161189
323 -1.000019 1.084137
324 -1.000018 1.012364
325 -1.000016 0.945217
326 -1.000015 0.882145
327 -1.000014 0.822673
328 -1.000013 0.766395
329 -1.000013 0.712958
330 -1.000012 0.662054
331 -1.000011 0.613414
332 -1.000010 0.566799
333 -1.000009 0.522000
334 -1.000009 0.478829
335 -1.000008 0.437116
336 -1.000007 0.396711
337 -1.000006 0.357477
338 -1.000006 0.319288
339 -1.000005 0.282031
340 -1.000004 0.245600
341 -1.000004 0.209898
342 -1.000003 0.174834
343 -1.000003 0.140323
344 -1.000002 0.106285
345 -1.000001 0.072643
346 -1.000001 0.039325
347 -1.000000 0.006261
348 -1.000000 -0.026619
349 -0.999999 -0.059379
350 -0.999998 -0.092087
351 -0.999998 -0.124808
352 -0.999997 -0.157606
353 -0.999996 -0.190548
354 -0.999996 -0.223701
355 -0.999995 -0.257133
356 -0.999994 -0.290917
357 -0.999994 -0.325124
358 -0.999993 -0.359835
359 -0.999992 -0.395128
360 -0.999992 -0.431093
361 -0.999991 -0.467821
362 -0.999990 -0.505413
363 -0.999989 -0.543977
364 -0.999989 -0.583629
365 -0.999988 -0.624500
366 -0.999987 -0.666730
367 -0.999986 -0.710476
368 -0.999985 -0.755914
369 -0.999984 -0.803237
370 -0.999983 -0.852666
371 -0.999982 -0.904447
372 -0.999981 -0.958863
373 -0.999980 -1.016234
374 -0.999978 -1.076932
375 -0.999977 -1.141384
376 -0.999976 -1.210087
377 -0.999974 -1.283626
378 -0.999972 -1.362690
379 -0.999971 -1.448099
380 -0.999969 -1.540836
381 -0.999966 -1.642093
382 -0.999964 -1.753328
383 -0.999961 -1.876343
384 -0.999959 -2.013396
385 -0.999955 -2.167351
386 -0.999952 -2.341903
387 -0.999947 -2.541895
388 -0.999942 -2.773811
389 -0.999936 -3.046533
390 -0.999930 -3.372560
391 -0.999921 -3.770067
392 -0.999910 -4.266533
393 -0.999897 -4.905577
394 -0.999878 -5.760846
395 -0.999853 -6.967238
396 -0.999813 -8.801282
397 -0.999746 -11.933211
398 -0.999605 -18.514800
399 -0.999116 -41.330022
400 -1.003758 175.310113
401 -1.000601 27.974649
402 -1.000326 15.153452
403 -1.000224 10.362676
404 -1.000170 7.853249
405 -1.000137 6.306579
406 -1.000114 5.256084
407 -1.000098 4.494736
408 -1.000086 3.916611
409 -1.000076 3.461887
410 -1.000068 3.094218
411 -1.000061 2.790251
412 -1.000056 2.534293
413 -1.000051 2.315408
414 -1.000047 2.125741
415 -1.000044 1.959505
416 -1.000040 1.812341
417 -1.000038 1.680901
418 -1.000035 1.562576
419 -1.000033 1.455294
420 -1.000031 1.357398
421 -1.000029 1.267538
422 -1.000027 1.184607
423 -1.000025 1.107690
424 -1.000024 1.036018
425 -1.000022 0.968946
426 -1.000021 0.905926
427 -1.000019 0.846486
428 -1.000018 0.790223
429 -1.000017 0.736787
430 -1.000016 0.685871
431 -1.000015 0.637208
432 -1.000014 0.590561
433 -1.000013 0.545720
434 -1.000012 0.502500
435 -1.000011 0.460733
436 -1.000010 0.420267
437 -1.000009 0.380966
438 -1.000008 0.342707
439 -1.000007 0.305375
440 -1.000006 0.268865
441 -1.000006 0.233080
442 -1.000005 0.197930
443 -1.000004 0.163330
444 -1.000003 0.129200
445 -1.000002 0.095464
446 -1.000001 0.062049
447 -1.000001 0.028885
448 -1.000000 -0.004096
449 -0.999999 -0.036960
450 -0.999998 -0.069775
451 -0.999998 -0.102604
452 -0.999997 -0.135513
453 -0.999996 -0.168568
454 -0.999995 -0.201836
455 -0.999994 -0.235387
456 -0.999993 -0.269291
457 -0.999993 -0.303623
458 -0.999992 -0.338459
459 -0.999991 -0.373883
460 -0.999990 -0.409981
461 -0.999989 -0.446847
462 -0.999988 -0.484580
463 -0.999987 -0.523290
464 -0.999986 -0.563093
465 -0.999985 -0.604121
466 -0.999984 -0.646515
467 -0.999983 -0.690432
468 -0.999982 -0.736048
469 -0.999980 -0.783559
470 -0.999979 -0.833186
471 -0.999978 -0.885177
472 -0.999976 -0.939817
473 -0.999975 -0.997428
474 -0.999973 -1.058384
475 -0.999971 -1.123115
476 -0.999970 -1.192123
477 -0.999968 -1.265996
478 -0.999966 -1.345430
479 -0.999963 -1.431250
480 -0.999961 -1.524449
481 -0.999958 -1.626231
482 -0.999955 -1.738068
483 -0.999952 -1.861780
484 -0.999948 -1.999650
485 -0.999944 -2.154578
486 -0.999939 -2.330303
487 -0.999934 -2.531734
488 -0.999928 -2.765450
489 -0.999920 -3.040473
490 -0.999912 -3.369516
491 -0.999901 -3.771097
492 -0.999887 -4.273275
493 -0.999870 -4.920701
494 -0.999847 -5.789023
495 -0.999814 -7.017428
496 -0.999764 -8.893094
497 -0.999677 -12.119104
498 -0.999493 -18.994715
499 -0.998826 -43.890116
500 -1.003758 140.252272
501 -1.000723 26.914320
502 -1.000399 14.847784
503 -1.000276 10.227418
504 -1.000210 7.782316
505 -1.000170 6.266630
506 -1.000142 5.233374
507 -1.000122 4.482581
508 -1.000106 3.911372
509 -1.000094 3.461414
510 -1.000085 3.097162
511 -1.000077 2.795721
512 -1.000070 2.541677
513 -1.000064 2.324273
514 -1.000059 2.135772
515 -1.000054 1.970466
516 -1.000050 1.824053
517 -1.000047 1.693226
518 -1.000044 1.575404
519 -1.000041 1.468539
520 -1.000038 1.370988
521 -1.000036 1.281417
522 -1.000034 1.198728
523 -1.000031 1.122013
524 -1.000029 1.050511
525 -1.000028 0.983581
526 -1.000026 0.920679
527 -1.000024 0.861337
528 -1.000023 0.805155
529 -1.000021 0.751784
530 -1.000020 0.700920
531 -1.000019 0.652298
532 -1.000017 0.605681
533 -1.000016 0.560863
534 -1.000015 0.517656
535 -1.000014 0.475895
536 -1.000013 0.435429
537 -1.000011 0.396123
538 -1.000010 0.357853
539 -1.000009 0.320504
540 -1.000008 0.283974
541 -1.000007 0.248165
542 -1.000006 0.212987
543 -1.000005 0.178356
544 -1.000004 0.144191
545 -1.000003 0.110416
546 -1.000002 0.076960
547 -1.000001 0.043752
548 -1.000000 0.010724
549 -0.999999 -0.022191
550 -0.999998 -0.055058
551 -0.999997 -0.087942
552 -0.999996 -0.120909
553 -0.999995 -0.154025
554 -0.999994 -0.187358
555 -0.999993 -0.220975
556 -0.999992 -0.254950
557 -0.999991 -0.289355
558 -0.999990 -0.324268
559 -0.999989 -0.359773
560 -0.999988 -0.395955
561 -0.999987 -0.432910
562 -0.999986 -0.470737
563 -0.999985 -0.509545
564 -0.999983 -0.549453
565 -0.999982 -0.590591
566 -0.999981 -0.633102
567 -0.999979 -0.677144
568 -0.999978 -0.722893
569 -0.999977 -0.770548
570 -0.999975 -0.820328
571 -0.999973 -0.872486
572 -0.999972 -0.927306
573 -0.999970 -0.985114
574 -0.999968 -1.046286
575 -0.999966 -1.111254
576 -0.999964 -1.180526
577 -0.999961 -1.254692
578 -0.999959 -1.334455
579 -0.999956 -1.420647
580 -0.999953 -1.514271
581 -0.999950 -1.616540
582 -0.999946 -1.728942
583 -0.999942 -1.853316
584 -0.999938 -1.991971
585 -0.999933 -2.147840
586 -0.999927 -2.324710
587 -0.999920 -2.527557
588 -0.999913 -2.763055
589 -0.999904 -3.040368
590 -0.999893 -3.372431
591 -0.999880 -3.778112
592 -0.999864 -4.286064
593 -0.999843 -4.942002
594 -0.999815 -5.823642
595 -0.999774 -7.074636
596 -0.999713 -8.993331
597 -0.999606 -12.317737
598 -0.999375 -19.507865
599 -0.998498 -46.799569
600 -1.003758 116.881327
601 -1.000835 25.928546
602 -1.000469 14.550279
603 -1.000326 10.091299
604 -1.000249 7.708081
605 -1.000202 6.222476
606 -1.000169 5.206063
607 -1.000145 4.465631
608 -1.000127 3.901241
609 -1.000113 3.456003
610 -1.000101 3.095149
611 -1.000092 2.796231
612 -1.000083 2.544110
613 -1.000076 2.328201
614 -1.000070 2.140884
615 -1.000065 1.976529
616 -1.000060 1.830890
617 -1.000056 1.700700
618 -1.000052 1.583406
619 -1.000049 1.476984
620 -1.000046 1.379806
621 -1.000043 1.290550
622 -1.000040 1.208130
623 -1.000038 1.131645
624 -1.000035 1.060340
625 -1.000033 0.993579
626 -1.000031 0.930822
627 -1.000029 0.871606
628 -1.000027 0.815531
629 -1.000026 0.762252
630 -1.000024 0.711468
631 -1.000022 0.662913
632 -1.000021 0.616354
633 -1.000019 0.571583
634 -1.000018 0.528416
635 -1.000017 0.486688
636 -1.000015 0.446248
637 -1.000014 0.406962
638 -1.000013 0.368706
639 -1.000011 0.331368
640 -1.000010 0.294842
641 -1.000009 0.259034
642 -1.000008 0.223853
643 -1.000007 0.189214
644 -1.000005 0.155039
645 -1.000004 0.121251
646 -1.000003 0.087777
647 -1.000002 0.054549
648 -1.000001 0.021498
649 -1.000000 -0.011443
650 -0.999998 -0.044339
651 -0.999997 -0.077256
652 -0.999996 -0.110258
653 -0.999995 -0.143412
654 -0.999994 -0.176786
655 -0.999993 -0.210448
656 -0.999991 -0.244469
657 -0.999990 -0.278926
658 -0.999989 -0.313894
659 -0.999988 -0.349457
660 -0.999986 -0.385702
661 -0.999985 -0.422724
662 -0.999984 -0.460623
663 -0.999982 -0.499509
664 -0.999981 -0.539500
665 -0.999979 -0.580727
666 -0.999978 -0.623335
667 -0.999976 -0.667481
668 -0.999974 -0.713344
669 -0.999973 -0.761121
670 -0.999971 -0.811036
671 -0.999969 -0.863340
672 -0.999967 -0.918322
673 -0.999965 -0.976307
674 -0.999963 -1.037676
675 -0.999960 -1.102863
676 -0.999958 -1.172379
677 -0.999955 -1.246821
678 -0.999952 -1.326896
679 -0.999949 -1.413443
680 -0.999945 -1.507475
681 -0.999941 -1.610216
682 -0.999937 -1.723168
683 -0.999932 -1.848192
684 -0.999927 -1.987619
685 -0.999921 -2.144420
686 -0.999915 -2.322427
687 -0.999907 -2.526687
688 -0.999898 -2.763970
689 -0.999888 -3.043585
690 -0.999875 -3.378691
691 -0.999860 -3.788519
692 -0.999840 -4.302328
693 -0.999816 -4.966932
694 -0.999782 -5.862185
695 -0.999734 -7.136386
696 -0.999661 -9.099606
697 -0.999532 -12.527014
698 -0.999250 -20.054165
699 -0.998122 -50.129626
700 -1.003758 100.188714
701 -1.000940 25.011173
702 -1.000537 14.262502
703 -1.000375 9.956501
704 -1.000288 7.632837
705 -1.000233 6.176429
706 -1.000196 5.176458
707 -1.000168 4.446185
708 -1.000148 3.888505
709 -1.000131 3.447925
710 -1.000118 3.090433
711 -1.000106 2.794020
712 -1.000097 2.543813
713 -1.000089 2.329397
714 -1.000082 2.143267
715 -1.000076 1.979869
716 -1.000070 1.835012
717 -1.000066 1.705467
718 -1.000061 1.588712
719 -1.000057 1.482743
720 -1.000053 1.385950
721 -1.000050 1.297022
722 -1.000047 1.214883
723 -1.000044 1.138640
724 -1.000041 1.067545
725 -1.000039 1.000966
726 -1.000037 0.938368
727 -1.000034 0.879290
728 -1.000032 0.823336
729 -1.000030 0.770163
730 -1.000028 0.719471
731 -1.000026 0.670996
732 -1.000024 0.624507
733 -1.000023 0.579798
734 -1.000021 0.536684
735 -1.000019 0.495001
736 -1.000018 0.454600
737 -1.000016 0.415347
738 -1.000015 0.377119
739 -1.000013 0.339803
740 -1.000012 0.303295
741 -1.000011 0.267500
742 -1.000009 0.232328
743 -1.000008 0.197696
744 -1.000007 0.163522
745 -1.000005 0.129732
746 -1.000004 0.096254
747 -1.000003 0.063018
748 -1.000001 0.029956
749 -1.000000 -0.002999
750 -0.999999 -0.035912
751 -0.999997 -0.068849
752 -0.999996 -0.101874
753 -0.999995 -0.135055
754 -0.999993 -0.168458
755 -0.999992 -0.202152
756 -0.999990 -0.236210
757 -0.999989 -0.270706
758 -0.999988 -0.305717
759 -0.999986 -0.341328
760 -0.999985 -0.377625
761 -0.999983 -0.414702
762 -0.999982 -0.452662
763 -0.999980 -0.491614
764 -0.999978 -0.531678
765 -0.999977 -0.572984
766 -0.999975 -0.615677
767 -0.999973 -0.659917
768 -0.999971 -0.705883
769 -0.999969 -0.753772
770 -0.999967 -0.803811
771 -0.999965 -0.856252
772 -0.999962 -0.911384
773 -0.999960 -0.969538
774 -0.999957 -1.031093
775 -0.999954 -1.096490
776 -0.999952 -1.166242
777 -0.999948 -1.240951
778 -0.999945 -1.321329
779 -0.999941 -1.408224
780 -0.999937 -1.502656
781 -0.999933 -1.605862
782 -0.999928 -1.719359
783 -0.999923 -1.845026
784 -0.999917 -1.985223
785 -0.999910 -2.142953
786 -0.999902 -2.322101
787 -0.999893 -2.527778
788 -0.999883 -2.766857
789 -0.999871 -3.048794
790 -0.999857 -3.386978
791 -0.999839 -3.801007
792 -0.999817 -4.320768
793 -0.999788 -4.994204
794 -0.999749 -5.903383
795 -0.999693 -7.201441
796 -0.999607 -9.210761
797 -0.999456 -12.746084
798 -0.999118 -20.635015
799 -0.997689 -53.975399
800 -1.003759 87.670186
801 -1.001037 24.156054
802 -1.000601 13.984922
803 -1.000423 9.824069
804 -1.000326 7.557736
805 -1.000264 6.129670
806 -1.000222 5.145747
807 -1.000191 4.425430
808 -1.000168 3.874344
809 -1.000149 3.438356
810 -1.000134 3.084186
811 -1.000121 2.790253
812 -1.000111 2.541945
813 -1.000101 2.329015
814 -1.000094 2.144066
815 -1.000087 1.981624
816 -1.000080 1.837550
817 -1.000075 1.708654
818 -1.000070 1.592442
819 -1.000065 1.486931
820 -1.000061 1.390527
821 -1.000057 1.301933
822 -1.000054 1.220081
823 -1.000050 1.144087
824 -1.000047 1.073208
825 -1.000045 1.006819
826 -1.000042 0.944386
827 -1.000039 0.885453
828 -1.000037 0.829627
829 -1.000034 0.776567
830 -1.000032 0.725974
831 -1.000030 0.677588
832 -1.000028 0.631177
833 -1.000026 0.586536
834 -1.000024 0.543482
835 -1.000022 0.501852
836 -1.000021 0.461498
837 -1.000019 0.422285
838 -1.000017 0.384092
839 -1.000016 0.346805
840 -1.000014 0.310323
841 -1.000012 0.274549
842 -1.000011 0.239393
843 -1.000009 0.204773
844 -1.000008 0.170609
845 -1.000006 0.136825
846 -1.000005 0.103349
847 -1.000003 0.070112
848 -1.000002 0.037046
849 -1.000000 0.004084
850 -0.999999 -0.028839
851 -0.999997 -0.061788
852 -0.999996 -0.094830
853 -0.999994 -0.128030
854 -0.999993 -0.161455
855 -0.999991 -0.195176
856 -0.999989 -0.229263
857 -0.999988 -0.263791
858 -0.999986 -0.298839
859 -0.999985 -0.334490
860 -0.999983 -0.370832
861 -0.999981 -0.407960
862 -0.999979 -0.445974
863 -0.999978 -0.484986
864 -0.999976 -0.525115
865 -0.999974 -0.566493
866 -0.999972 -0.609266
867 -0.999970 -0.653594
868 -0.999967 -0.699655
869 -0.999965 -0.747652
870 -0.999963 -0.797808
871 -0.999960 -0.850380
872 -0.999958 -0.905657
873 -0.999955 -0.963973
874 -0.999952 -1.025710
875 -0.999949 -1.091312
876 -0.999945 -1.161294
877 -0.999942 -1.236265
878 -0.999938 -1.316942
879 -0.999934 -1.404181
880 -0.999929 -1.499010
881 -0.999924 -1.602678
882 -0.999919 -1.716718
883 -0.999913 -1.843028
884 -0.999906 -1.983995
885 -0.999898 -2.142659
886 -0.999890 -2.322951
887 -0.999880 -2.530056
888 -0.999868 -2.770946
889 -0.999854 -3.055229
890 -0.999838 -3.396528
891 -0.999818 -3.814821
892 -0.999793 -4.340634
893 -0.999760 -5.023076
894 -0.999715 -5.946508
895 -0.999651 -7.269102
896 -0.999552 -9.326177
897 -0.999376 -12.974653
898 -0.998977 -21.252659
899 -0.997183 -58.464642
900 -1.003759 77.934533
901 -1.001128 23.357519
902 -1.000663 13.717562
903 -1.000469 9.694552
904 -1.000363 7.483435
905 -1.000295 6.082887
906 -1.000248 5.114627
907 -1.000214 4.404064
908 -1.000188 3.859459
909 -1.000167 3.427993
910 -1.000150 3.077103
911 -1.000136 2.785623
912 -1.000124 2.539196
913 -1.000114 2.327739
914 -1.000105 2.143966
915 -1.000097 1.982476
916 -1.000090 1.839183
917 -1.000084 1.710935
918 -1.000078 1.595267
919 -1.000073 1.490215
920 -1.000069 1.394204
921 -1.000064 1.305946
922 -1.000060 1.224385
923 -1.000057 1.148643
924 -1.000053 1.077984
925 -1.000050 1.011788
926 -1.000047 0.949524
927 -1.000044 0.890741
928 -1.000042 0.835048
929 -1.000039 0.782105
930 -1.000036 0.731617
931 -1.000034 0.683323
932 -1.000032 0.636994
933 -1.000030 0.592426
934 -1.000028 0.549438
935 -1.000025 0.507865
936 -1.000023 0.467562
937 -1.000022 0.428394
938 -1.000020 0.390240
939 -1.000018 0.352988
940 -1.000016 0.316535
941 -1.000014 0.280787
942 -1.000012 0.245653
943 -1.000011 0.211050
944 -1.000009 0.176900
945 -1.000007 0.143126
946 -1.000006 0.109658
947 -1.000004 0.076425
948 -1.000002 0.043359
949 -1.000001 0.010395
950 -0.999999 -0.022533
951 -0.999997 -0.055492
952 -0.999995 -0.088545
953 -0.999994 -0.121759
954 -0.999992 -0.155203
955 -0.999990 -0.188944
956 -0.999989 -0.223056
957 -0.999987 -0.257613
958 -0.999985 -0.292693
959 -0.999983 -0.328380
960 -0.999981 -0.364763
961 -0.999979 -0.401935
962 -0.999977 -0.439999
963 -0.999975 -0.479067
964 -0.999973 -0.519257
965 -0.999971 -0.560704
966 -0.999969 -0.603552
967 -0.999966 -0.647963
968 -0.999964 -0.694117
969 -0.999961 -0.742216
970 -0.999959 -0.792486
971 -0.999956 -0.845185
972 -0.999953 -0.900604
973 -0.999950 -0.959079
974 -0.999947 -1.020994
975 -0.999943 -1.086797
976 -0.999939 -1.157007
977 -0.999935 -1.232238
978 -0.999931 -1.313211
979 -0.999927 -1.400791
980 -0.999921 -1.496015
981 -0.999916 -1.600145
982 -0.999910 -1.714728
983 -0.999903 -1.841683
984 -0.999895 -1.983423
985 -0.999887 -2.143023
986 -0.999877 -2.324469
987 -0.999866 -2.533013
988 -0.999853 -2.775731
989 -0.999838 -3.062387
990 -0.999819 -3.406843
991 -0.999797 -3.829462
992 -0.999768 -4.361432
993 -0.999731 -5.053062
994 -0.999681 -5.991086
995 -0.999609 -7.338923
996 -0.999496 -9.445494
997 -0.999294 -13.212710
998 -0.998828 -21.909963
999 -0.996586 -63.772077
1000 -1.003759 70.147085
1001 -1.001213 22.610482
1002 -1.000723 13.460259
1003 -1.000514 9.568272
1004 -1.000399 7.410358
1005 -1.000325 6.036533
1006 -1.000274 5.083563
1007 -1.000237 4.382556
1008 -1.000208 3.844319
1009 -1.000185 3.417307
1010 -1.000166 3.069654
1011 -1.000151 2.780597
1012 -1.000138 2.536032
1013 -1.000126 2.326037
1014 -1.000116 2.143431
1015 -1.000108 1.982888
1016 -1.000100 1.840372
1017 -1.000093 1.712771
1018 -1.000087 1.597645
1019 -1.000082 1.493054
1020 -1.000076 1.397435
1021 -1.000072 1.309515
1022 -1.000067 1.228247
1023 -1.000063 1.152760
1024 -1.000059 1.082324
1025 -1.000056 1.016323
1026 -1.000052 0.954232
1027 -1.000049 0.895601
1028 -1.000046 0.840043
1029 -1.000043 0.787221
1030 -1.000041 0.736840
1031 -1.000038 0.688642
1032 -1.000036 0.642399
1033 -1.000033 0.597907
1034 -1.000031 0.554987
1035 -1.000028 0.513476
1036 -1.000026 0.473227
1037 -1.000024 0.434108
1038 -1.000022 0.395997
1039 -1.000020 0.358783
1040 -1.000018 0.322364
1041 -1.000016 0.286644
1042 -1.000014 0.251535
1043 -1.000012 0.216953
1044 -1.000010 0.182820
1045 -1.000008 0.149061
1046 -1.000006 0.115603
1047 -1.000005 0.082378
1048 -1.000003 0.049316
1049 -1.000001 0.016353
1050 -0.999999 -0.016577
1051 -0.999997 -0.049540
1052 -0.999995 -0.082601
1053 -0.999993 -0.115827
1054 -0.999992 -0.149285
1055 -0.999990 -0.183044
1056 -0.999988 -0.217177
1057 -0.999986 -0.251759
1058 -0.999984 -0.286868
1059 -0.999982 -0.322588
1060 -0.999980 -0.359007
1061 -0.999977 -0.396221
1062 -0.999975 -0.434332
1063 -0.999973 -0.473452
1064 -0.999971 -0.513701
1065 -0.999968 -0.555212
1066 -0.999966 -0.598132
1067 -0.999963 -0.642624
1068 -0.999961 -0.688867
1069 -0.999958 -0.737065
1070 -0.999955 -0.787447
1071 -0.999952 -0.840269
1072 -0.999949 -0.895828
1073 -0.999945 -0.954458
1074 -0.999941 -1.016549
1075 -0.999938 -1.082551
1076 -0.999934 -1.152987
1077 -0.999929 -1.228475
1078 -0.999924 -1.309744
1079 -0.999919 -1.397664
1080 -0.999914 -1.493283
1081 -0.999907 -1.597875
1082 -0.999901 -1.713001
1083 -0.999893 -1.840602
1084 -0.999885 -1.983119
1085 -0.999875 -2.143663
1086 -0.999865 -2.326270
1087 -0.999852 -2.536265
1088 -0.999838 -2.780831
1089 -0.999821 -3.069888
1090 -0.999800 -3.417542
1091 -0.999775 -3.844554
1092 -0.999744 -4.382790
1093 -0.999702 -5.083796
1094 -0.999646 -6.036763
1095 -0.999565 -7.410580
1096 -0.999438 -9.568472
1097 -0.999209 -13.460396
1098 -0.998670 -22.610342
1099 -0.995869 -70.142620
1100 -1.003760 63.776755
1101 -1.001293 21.910444
1102 -1.000780 13.212790
1103 -1.000558 9.445451
1104 -1.000434 7.338825
1105 -1.000355 5.990957
1106 -1.000299 5.052914
1107 -1.000259 4.361271
1108 -1.000227 3.829291
1109 -1.000202 3.406665
1110 -1.000182 3.062205
1111 -1.000165 2.775544
1112 -1.000151 2.532822
1113 -1.000139 2.324276
1114 -1.000128 2.142828
1115 -1.000119 1.983225
1116 -1.000110 1.841483
1117 -1.000103 1.714527
1118 -1.000096 1.599943
1119 -1.000090 1.495812
1120 -1.000084 1.400586
1121 -1.000079 1.313005
1122 -1.000074 1.232030
1123 -1.000070 1.156799
1124 -1.000065 1.086588
1125 -1.000062 1.020784
1126 -1.000058 0.958868
1127 -1.000054 0.900393
1128 -1.000051 0.844973
1129 -1.000048 0.792274
1130 -1.000045 0.742003
1131 -1.000042 0.693903
1132 -1.000039 0.647749
1133 -1.000037 0.603337
1134 -1.000034 0.560488
1135 -1.000032 0.519041
1136 -1.000029 0.478850
1137 -1.000027 0.439782
1138 -1.000024 0.401717
1139 -1.000022 0.364544
1140 -1.000020 0.328162
1141 -1.000018 0.292474
1142 -1.000016 0.257393
1143 -1.000014 0.222836
1144 -1.000012 0.188724
1145 -1.000010 0.154981
1146 -1.000007 0.121537
1147 -1.000005 0.088322
1148 -1.000003 0.055269
1149 -1.000001 0.022310
1150 -0.999999 -0.010619
1151 -0.999997 -0.043584
1152 -0.999995 -0.076650
1153 -0.999993 -0.109884
1154 -0.999991 -0.143353
1155 -0.999989 -0.177127
1156 -0.999987 -0.211278
1157 -0.999985 -0.245881
1158 -0.999983 -0.281016
1159 -0.999980 -0.316765
1160 -0.999978 -0.353218
1161 -0.999976 -0.390471
1162 -0.999973 -0.428626
1163 -0.999971 -0.467795
1164 -0.999968 -0.508099
1165 -0.999966 -0.549672
1166 -0.999963 -0.592661
1167 -0.999960 -0.637230
1168 -0.999957 -0.683560
1169 -0.999954 -0.731855
1170 -0.999951 -0.782344
1171 -0.999948 -0.835288
1172 -0.999944 -0.890983
1173 -0.999940 -0.949767
1174 -0.999936 -1.012032
1175 -0.999932 -1.078230
1176 -0.999928 -1.148890
1177 -0.999923 -1.224634
1178 -0.999918 -1.306196
1179 -0.999912 -1.394456
1180 -0.999906 -1.490470
1181 -0.999899 -1.595523
1182 -0.999892 -1.711195
1183 -0.999883 -1.839445
1184 -0.999874 -1.982741
1185 -0.999864 -2.144235
1186 -0.999852 -2.328011
1187 -0.999838 -2.539472
1188 -0.999823 -2.785904
1189 -0.999804 -3.077390
1190 -0.999781 -3.428286
1191 -0.999754 -3.859760
1192 -0.999719 -4.404374
1193 -0.999673 -5.114948
1194 -0.999611 -6.083221
1195 -0.999521 -7.483785
1196 -0.999379 -9.694918
1197 -0.999120 -13.717930
1198 -0.998500 -23.357751
1199 -0.994993 -77.930241
1200 -1.003760 58.469588
1201 -1.001368 21.253470
1202 -1.000836 12.974948
1203 -1.000601 9.326292
1204 -1.000469 7.269127
1205 -1.000384 5.946480
1206 -1.000325 5.023014
1207 -1.000281 4.340548
1208 -1.000247 3.814716
1209 -1.000220 3.396410
1210 -1.000198 3.055099
1211 -1.000180 2.770807
1212 -1.000164 2.529910
1213 -1.000151 2.322798
1214 -1.000139 2.142500
1215 -1.000129 1.983832
1216 -1.000120 1.842861
1217 -1.000112 1.716546
1218 -1.000105 1.602503
1219 -1.000098 1.498832
1220 -1.000092 1.404000
1221 -1.000086 1.316759
1222 -1.000081 1.236080
1223 -1.000076 1.161107
1224 -1.000072 1.091122
1225 -1.000067 1.025519
1226 -1.000063 0.963780
1227 -1.000060 0.905462
1228 -1.000056 0.850183
1229 -1.000053 0.797610
1230 -1.000049 0.747452
1231 -1.000046 0.699454
1232 -1.000043 0.653391
1233 -1.000040 0.609062
1234 -1.000037 0.566288
1235 -1.000035 0.524908
1236 -1.000032 0.484778
1237 -1.000030 0.445765
1238 -1.000027 0.407749
1239 -1.000025 0.370621
1240 -1.000022 0.334278
1241 -1.000020 0.298626
1242 -1.000018 0.263576
1243 -1.000015 0.229047
1244 -1.000013 0.194959
1245 -1.000011 0.161237
1246 -1.000009 0.127810
1247 -1.000006 0.094610
1248 -1.000004 0.061567
1249 -1.000002 0.028616
1250 -1.000000 -0.004308
1251 -0.999998 -0.037271
1252 -0.999995 -0.070339
1253 -0.999993 -0.103577
1254 -0.999991 -0.137054
1255 -0.999989 -0.170839
1256 -0.999986 -0.205004
1257 -0.999984 -0.239626
1258 -0.999981 -0.274782
1259 -0.999979 -0.310558
1260 -0.999977 -0.347041
1261 -0.999974 -0.384329
1262 -0.999971 -0.422524
1263 -0.999969 -0.461739
1264 -0.999966 -0.502095
1265 -0.999963 -0.543726
1266 -0.999960 -0.586781
1267 -0.999957 -0.631424
1268 -0.999954 -0.677837
1269 -0.999951 -0.726225
1270 -0.999947 -0.776820
1271 -0.999943 -0.829882
1272 -0.999940 -0.885710
1273 -0.999936 -0.944645
1274 -0.999931 -1.007081
1275 -0.999927 -1.073473
1276 -0.999922 -1.144355
1277 -0.999916 -1.220352
1278 -0.999911 -1.302207
1279 -0.999905 -1.390805
1280 -0.999898 -1.487213
1281 -0.999891 -1.592728
1282 -0.999883 -1.708945
1283 -0.999874 -1.837845
1284 -0.999864 -1.981926
1285 -0.999852 -2.144374
1286 -0.999839 -2.329329
1287 -0.999825 -2.542268
1288 -0.999807 -2.790586
1289 -0.999787 -3.084530
1290 -0.999762 -3.438712
1291 -0.999732 -3.874717
1292 -0.999694 -4.425821
1293 -0.999643 -5.146163
1294 -0.999575 -6.130118
1295 -0.999475 -7.558225
1296 -0.999318 -9.824616
1297 -0.999028 -13.985547
1298 -0.998320 -24.156711
1299 -0.993897 -87.666032
1300 -1.003761 53.980685
1301 -1.001439 20.636164
1302 -1.000889 12.746603
1303 -1.000643 9.211041
1304 -1.000503 7.201597
1305 -1.000413 5.903464
1306 -1.000350 4.994234
1307 -1.000303 4.320762
1308 -1.000266 3.800973
1309 -1.000238 3.386922
1310 -1.000214 3.048721
1311 -1.000194 2.766770
1312 -1.000178 2.527679
1313 -1.000163 2.321991
1314 -1.000151 2.142835
1315 -1.000140 1.985097
1316 -1.000130 1.844893
1317 -1.000121 1.719220
1318 -1.000113 1.605718
1319 -1.000106 1.502506
1320 -1.000100 1.408070
1321 -1.000094 1.321171
1322 -1.000088 1.240789
1323 -1.000083 1.166077
1324 -1.000078 1.096321
1325 -1.000073 1.030921
1326 -1.000069 0.969363
1327 -1.000065 0.911206
1328 -1.000061 0.856071
1329 -1.000057 0.803628
1330 -1.000054 0.753587
1331 -1.000050 0.705695
1332 -1.000047 0.659727
1333 -1.000044 0.615485
1334 -1.000041 0.572790
1335 -1.000038 0.531481
1336 -1.000035 0.491416
1337 -1.000032 0.452462
1338 -1.000030 0.414500
1339 -1.000027 0.377421
1340 -1.000024 0.341122
1341 -1.000022 0.305510
1342 -1.000019 0.270496
1343 -1.000017 0.235999
1344 -1.000015 0.201939
1345 -1.000012 0.168243
1346 -1.000010 0.134838
1347 -1.000007 0.101656
1348 -1.000005 0.068629
1349 -1.000003 0.035690
1350 -1.000000 0.002775
1351 -0.999998 -0.030181
1352 -0.999995 -0.063245
1353 -0.999993 -0.096484
1354 -0.999991 -0.129963
1355 -0.999988 -0.163755
1356 -0.999986 -0.197930
1357 -0.999983 -0.232565
1358 -0.999981 -0.267739
1359 -0.999978 -0.303536
1360 -0.999975 -0.340045
1361 -0.999972 -0.377364
1362 -0.999970 -0.415594
1363 -0.999967 -0.454850
1364 -0.999964 -0.495253
1365 -0.999961 -0.536938
1366 -0.999958 -0.580055
1367 -0.999954 -0.624767
1368 -0.999951 -0.671258
1369 -0.999947 -0.719736
1370 -0.999943 -0.770431
1371 -0.999939 -0.823607
1372 -0.999935 -0.879564
1373 -0.999931 -0.938646
1374 -0.999926 -1.001248
1375 -0.999921 -1.067831
1376 -0.999916 -1.138930
1377 -0.999910 -1.215178
1378 -0.999904 -1.297322
1379 -0.999898 -1.386255
1380 -0.999890 -1.483055
1381 -0.999882 -1.589030
1382 -0.999874 -1.705792
1383 -0.999864 -1.835344
1384 -0.999853 -1.980210
1385 -0.999841 -2.143618
1386 -0.999827 -2.329760
1387 -0.999811 -2.544187
1388 -0.999792 -2.794410
1389 -0.999770 -3.090840
1390 -0.999743 -3.448352
1391 -0.999710 -3.888957
1392 -0.999668 -4.446669
1393 -0.999614 -5.176982
1394 -0.999539 -6.177005
1395 -0.999429 -7.633486
1396 -0.999255 -9.957257
1397 -0.998932 -14.263426
1398 -0.998126 -25.012341
1399 -0.992489 -100.184672
1400 -1.003761 50.135355
1401 -1.001506 20.055681
1402 -1.000941 12.527779
1403 -1.000684 9.100069
1404 -1.000537 7.136688
1405 -1.000441 5.862386
1406 -1.000374 4.967064
1407 -1.000324 4.302411
1408 -1.000286 3.788564
1409 -1.000255 3.378706
1410 -1.000230 3.043576
1411 -1.000209 2.763941
1412 -1.000191 2.526641
1413 -1.000176 2.322367
1414 -1.000162 2.144347
1415 -1.000151 1.987536
1416 -1.000140 1.848098
1417 -1.000131 1.723066
1418 -1.000122 1.610107
1419 -1.000115 1.507358
1420 -1.000108 1.413320
1421 -1.000101 1.326767
1422 -1.000095 1.246687
1423 -1.000089 1.172239
1424 -1.000084 1.102718
1425 -1.000079 1.037526
1426 -1.000075 0.976154
1427 -1.000070 0.918164
1428 -1.000066 0.863179
1429 -1.000062 0.810871
1430 -1.000058 0.760953
1431 -1.000055 0.713172
1432 -1.000051 0.667306
1433 -1.000048 0.623157
1434 -1.000045 0.580546
1435 -1.000041 0.539316
1436 -1.000038 0.499322
1437 -1.000035 0.460433
1438 -1.000033 0.422532
1439 -1.000030 0.385507
1440 -1.000027 0.349259
1441 -1.000024 0.313694
1442 -1.000022 0.278723
1443 -1.000019 0.244264
1444 -1.000016 0.210240
1445 -1.000014 0.176575
1446 -1.000011 0.143199
1447 -1.000009 0.110042
1448 -1.000006 0.077038
1449 -1.000003 0.044119
1450 -1.000001 0.011220
1451 -0.999998 -0.021723
1452 -0.999996 -0.054777
1453 -0.999993 -0.088008
1454 -0.999991 -0.121484
1455 -0.999988 -0.155275
1456 -0.999985 -0.189453
1457 -0.999983 -0.224094
1458 -0.999980 -0.259278
1459 -0.999977 -0.295089
1460 -0.999974 -0.331618
1461 -0.999971 -0.368959
1462 -0.999968 -0.407218
1463 -0.999965 -0.446507
1464 -0.999962 -0.486950
1465 -0.999958 -0.528682
1466 -0.999955 -0.571853
1467 -0.999952 -0.616627
1468 -0.999948 -0.663190
1469 -0.999944 -0.711749
1470 -0.999940 -0.762538
1471 -0.999936 -0.815821
1472 -0.999931 -0.871900
1473 -0.999926 -0.931122
1474 -0.999921 -0.993884
1475 -0.999916 -1.060650
1476 -0.999910 -1.131961
1477 -0.999904 -1.208453
1478 -0.999898 -1.290880
1479 -0.999891 -1.380144
1480 -0.999883 -1.477330
1481 -0.999874 -1.583761
1482 -0.999865 -1.701065
1483 -0.999854 -1.831266
1484 -0.999843 -1.976918
1485 -0.999830 -2.141286
1486 -0.999815 -2.328619
1487 -0.999797 -2.544546
1488 -0.999777 -2.796688
1489 -0.999753 -3.095631
1490 -0.999724 -3.456515
1491 -0.999688 -3.901790
1492 -0.999643 -4.466225
1493 -0.999583 -5.206716
1494 -0.999502 -6.223207
1495 -0.999382 -7.708923
1496 -0.999191 -10.092308
1497 -0.998833 -14.551571
1498 -0.997918 -25.930364
1499 -0.990611 -116.877374
1500 -1.003762 46.805896
1501 -1.001569 19.509807
1502 -1.000992 12.318789
1503 -1.000724 8.994009
1504 -1.000570 7.075109
1505 -1.000470 5.823986
1506 -1.000399 4.942257
1507 -1.000346 4.286253
1508 -1.000305 3.778252
1509 -1.000273 3.372531
1510 -1.000246 3.040436
1511 -1.000224 2.763096
1512 -1.000205 2.527575
1513 -1.000188 2.324709
1514 -1.000174 2.147823
1515 -1.000162 1.991939
1516 -1.000151 1.853271
1517 -1.000141 1.728885
1518 -1.000131 1.616473
1519 -1.000123 1.514194
1520 -1.000116 1.420561
1521 -1.000109 1.334361
1522 -1.000102 1.254591
1523 -1.000096 1.180417
1524 -1.000091 1.111139
1525 -1.000085 1.046165
1526 -1.000081 0.984987
1527 -1.000076 0.927174
1528 -1.000071 0.872348
1529 -1.000067 0.820186
1530 -1.000063 0.770400
1531 -1.000059 0.722741
1532 -1.000056 0.676987
1533 -1.000052 0.632941
1534 -1.000049 0.590426
1535 -1.000045 0.549284
1536 -1.000042 0.509372
1537 -1.000039 0.470560
1538 -1.000036 0.432730
1539 -1.000033 0.395772
1540 -1.000030 0.359585
1541 -1.000027 0.324077
1542 -1.000024 0.289160
1543 -1.000021 0.254752
1544 -1.000018 0.220774
1545 -1.000015 0.187153
1546 -1.000013 0.153817
1547 -1.000010 0.120698
1548 -1.000007 0.087727
1549 -1.000005 0.054840
1550 -1.000002 0.021969
1551 -0.999999 -0.010949
1552 -0.999996 -0.043980
1553 -0.999994 -0.077192
1554 -0.999991 -0.110652
1555 -0.999988 -0.144430
1556 -0.999985 -0.178598
1557 -0.999982 -0.213234
1558 -0.999979 -0.248416
1559 -0.999976 -0.284229
1560 -0.999973 -0.320763
1561 -0.999970 -0.358115
1562 -0.999967 -0.396390
1563 -0.999964 -0.435700
1564 -0.999960 -0.476170
1565 -0.999957 -0.517936
1566 -0.999953 -0.561148
1567 -0.999949 -0.605971
1568 -0.999945 -0.652593
1569 -0.999941 -0.701221
1570 -0.999937 -0.752090
1571 -0.999932 -0.805468
1572 -0.999927 -0.861656
1573 -0.999922 -0.921005
1574 -0.999917 -0.983914
1575 -0.999911 -1.050852
1576 -0.999905 -1.122362
1577 -0.999899 -1.199086
1578 -0.999892 -1.281784
1579 -0.999884 -1.371366
1580 -0.999876 -1.468928
1581 -0.999866 -1.575805
1582 -0.999856 -1.693642
1583 -0.999845 -1.824484
1584 -0.999833 -1.970914
1585 -0.999819 -2.136239
1586 -0.999802 -2.324762
1587 -0.999784 -2.542191
1588 -0.999762 -2.796263
1589 -0.999736 -3.097739
1590 -0.999705 -3.462032
1591 -0.999666 -3.912041
1592 -0.999618 -4.483314
1593 -0.999553 -5.234191
1594 -0.999465 -6.267559
1595 -0.999335 -7.783405
1596 -0.999125 -10.228756
1597 -0.998729 -14.849557
1598 -0.997695 -26.917015
1599 -0.987982 -140.248387
1600 -1.003764 43.897285
1601 -1.001630 18.997190
1602 -1.001041 12.120518
1603 -1.000764 8.894044
1604 -1.000603 7.018119
1605 -1.000498 5.789549
1606 -1.000424 4.921112
1607 -1.000368 4.273601
1608 -1.000325 3.771358
1609 -1.000291 3.369724
1610 -1.000262 3.040639
1611 -1.000239 2.765582
1612 -1.000219 2.531836
1613 -1.000201 2.330379
1614 -1.000186 2.154632
1615 -1.000173 1.999685
1616 -1.000161 1.861797
1617 -1.000151 1.738069
1618 -1.000141 1.626219
1619 -1.000132 1.524424
1620 -1.000124 1.431213
1621 -1.000117 1.345382
1622 -1.000110 1.265939
1623 -1.000104 1.192056
1624 -1.000098 1.123039
1625 -1.000092 1.058300
1626 -1.000087 0.997337
1627 -1.000082 0.939718
1628 -1.000077 0.885071
1629 -1.000073 0.833073
1630 -1.000068 0.783440
1631 -1.000064 0.735923
1632 -1.000060 0.690301
1633 -1.000057 0.646378
1634 -1.000053 0.603979
1635 -1.000049 0.562946
1636 -1.000046 0.523137
1637 -1.000042 0.484422
1638 -1.000039 0.446684
1639 -1.000036 0.409814
1640 -1.000033 0.373711
1641 -1.000030 0.338282
1642 -1.000027 0.303441
1643 -1.000024 0.269105
1644 -1.000021 0.235196
1645 -1.000018 0.201641
1646 -1.000015 0.168368
1647 -1.000012 0.135308
1648 -1.000009 0.102394
1649 -1.000006 0.069561
1650 -1.000003 0.036742
1651 -1.000000 0.003872
1652 -0.999997 -0.029113
1653 -0.999994 -0.062282
1654 -0.999992 -0.095702
1655 -0.999989 -0.129443
1656 -0.999985 -0.163578
1657 -0.999982 -0.198183
1658 -0.999979 -0.233338
1659 -0.999976 -0.269128
1660 -0.999973 -0.305643
1661 -0.999969 -0.342981
1662 -0.999966 -0.381246
1663 -0.999963 -0.420552
1664 -0.999959 -0.461024
1665 -0.999955 -0.502798
1666 -0.999951 -0.546025
1667 -0.999947 -0.590872
1668 -0.999943 -0.637526
1669 -0.999939 -0.686197
1670 -0.999934 -0.737121
1671 -0.999929 -0.790566
1672 -0.999924 -0.846837
1673 -0.999919 -0.906286
1674 -0.999913 -0.969317
1675 -0.999907 -1.036399
1676 -0.999900 -1.108082
1677 -0.999894 -1.185011
1678 -0.999886 -1.267955
1679 -0.999878 -1.357829
1680 -0.999869 -1.455742
1681 -0.999859 -1.563040
1682 -0.999848 -1.681384
1683 -0.999836 -1.812844
1684 -0.999823 -1.960032
1685 -0.999808 -2.126295
1686 -0.999791 -2.315992
1687 -0.999771 -2.534912
1688 -0.999748 -2.790910
1689 -0.999720 -3.094925
1690 -0.999686 -3.462652
1691 -0.999645 -3.917448
1692 -0.999592 -4.495662
1693 -0.999523 -5.257127
1694 -0.999427 -6.307782
1695 -0.999287 -7.854684
1696 -0.999058 -10.364476
1697 -0.998622 -15.155909
1698 -0.997454 -27.978627
1699 -0.984039 -175.306274
1700 -1.003766 41.338460
1701 -1.001688 18.518013
1702 -1.001089 11.935125
1703 -1.000803 8.802610
1704 -1.000636 6.968232
1705 -1.000526 5.761626
1706 -1.000449 4.906205
1707 -1.000390 4.267050
1708 -1.000345 3.770498
1709 -1.000309 3.372922
1710 -1.000279 3.046839
1711 -1.000254 2.774071
1712 -1.000233 2.542115
1713 -1.000215 2.342088
1714 -1.000199 2.167507
1715 -1.000185 2.013526
1716 -1.000173 1.876450
1717 -1.000161 1.753414
1718 -1.000151 1.642160
1719 -1.000142 1.540885
1720 -1.000133 1.448133
1721 -1.000126 1.362710
1722 -1.000118 1.283632
1723 -1.000112 1.210081
1724 -1.000105 1.141365
1725 -1.000100 1.076903
1726 -1.000094 1.016195
1727 -1.000089 0.958813
1728 -1.000084 0.904388
1729 -1.000079 0.852598
1730 -1.000074 0.803161
1731 -1.000070 0.755829
1732 -1.000066 0.710384
1733 -1.000062 0.666629
1734 -1.000058 0.624392
1735 -1.000054 0.583514
1736 -1.000051 0.543854
1737 -1.000047 0.505284
1738 -1.000044 0.467686
1739 -1.000040 0.430951
1740 -1.000037 0.394979
1741 -1.000034 0.359679
1742 -1.000030 0.324963
1743 -1.000027 0.290748
1744 -1.000024 0.256959
1745 -1.000021 0.223520
1746 -1.000018 0.190361
1747 -1.000015 0.157413
1748 -1.000012 0.124608
1749 -1.000009 0.091882
1750 -1.000006 0.059167
1751 -1.000002 0.026400
1752 -0.999999 -0.006486
1753 -0.999996 -0.039557
1754 -0.999993 -0.072882
1755 -0.999990 -0.106530
1756 -0.999987 -0.140575
1757 -0.999984 -0.175093
1758 -0.999980 -0.210164
1759 -0.999977 -0.245874
1760 -0.999973 -0.282312
1761 -0.999970 -0.319577
1762 -0.999966 -0.357773
1763 -0.999962 -0.397016
1764 -0.999959 -0.437429
1765 -0.999955 -0.479151
1766 -0.999951 -0.522332
1767 -0.999946 -0.567140
1768 -0.999942 -0.613765
1769 -0.999937 -0.662416
1770 -0.999932 -0.713331
1771 -0.999927 -0.766780
1772 -0.999922 -0.823070
1773 -0.999916 -0.882554
1774 -0.999910 -0.945641
1775 -0.999904 -1.012802
1776 -0.999897 -1.084592
1777 -0.999889 -1.161661
1778 -0.999881 -1.244784
1779 -0.999873 -1.334885
1780 -0.999863 -1.433081
1781 -0.999853 -1.540734
1782 -0.999842 -1.659521
1783 -0.999829 -1.791535
1784 -0.999815 -1.939417
1785 -0.999798 -2.106555
1786 -0.999780 -2.297368
1787 -0.999759 -2.517725
1788 -0.999734 -2.775603
1789 -0.999705 -3.082122
1790 -0.999669 -3.453264
1791 -0.999624 -3.912859
1792 -0.999568 -4.498081
1793 -0.999494 -5.270304
1794 -0.999391 -6.338638
1795 -0.999238 -7.917530
1796 -0.998990 -10.494355
1797 -0.998511 -15.466233
1798 -0.997194 -29.120055
1799 -0.977466 -233.737743
1800 -1.003770 39.078186
1801 -1.001745 18.076068
1802 -1.001136 11.768160
1803 -1.000843 8.725533
1804 -1.000670 6.931373
1805 -1.000556 5.746205
1806 -1.000475 4.903582
1807 -1.000414 4.272700
1808 -1.000366 3.781826
1809 -1.000328 3.388335
1810 -1.000297 3.065303
1811 -1.000271 2.794887
1812 -1.000249 2.564796
1813 -1.000230 2.366283
1814 -1.000213 2.192954
1815 -1.000198 2.040029
1816 -1.000185 1.903860
1817 -1.000173 1.781613
1818 -1.000163 1.671056
1819 -1.000153 1.570405
1820 -1.000144 1.478215
1821 -1.000136 1.393306
1822 -1.000128 1.314702
1823 -1.000121 1.241591
1824 -1.000115 1.173288
1825 -1.000108 1.109215
1826 -1.000103 1.048877
1827 -1.000097 0.991848
1828 -1.000092 0.937762
1829 -1.000087 0.886299
1830 -1.000082 0.837179
1831 -1.000078 0.790155
1832 -1.000073 0.745010
1833 -1.000069 0.701549
1834 -1.000065 0.659600
1835 -1.000061 0.619005
1836 -1.000057 0.579625
1837 -1.000053 0.541330
1838 -1.000050 0.504005
1839 -1.000046 0.467540
1840 -1.000043 0.431837
1841 -1.000039 0.396803
1842 -1.000036 0.362351
1843 -1.000032 0.328400
1844 -1.000029 0.294873
1845 -1.000026 0.261695
1846 -1.000023 0.228797
1847 -1.000019 0.196109
1848 -1.000016 0.163564
1849 -1.000013 0.131096
1850 -1.000010 0.098640
1851 -1.000007 0.066131
1852 -1.000003 0.033503
1853 -1.000000 0.000689
1854 -0.999997 -0.032379
1855 -0.999993 -0.065771
1856 -0.999990 -0.099560
1857 -0.999987 -0.133823
1858 -0.999983 -0.168641
1859 -0.999980 -0.204098
1860 -0.999976 -0.240285
1861 -0.999972 -0.277300
1862 -0.999969 -0.315249
1863 -0.999965 -0.354247
1864 -0.999961 -0.394419
1865 -0.999956 -0.435903
1866 -0.999952 -0.478850
1867 -0.999948 -0.523431
1868 -0.999943 -0.569833
1869 -0.999938 -0.618269
1870 -0.999933 -0.668978
1871 -0.999928 -0.722232
1872 -0.999922 -0.778339
1873 -0.999916 -0.837655
1874 -0.999910 -0.900590
1875 -0.999903 -0.967622
1876 -0.999896 -1.039307
1877 -0.999888 -1.116302
1878 -0.999879 -1.199388
1879 -0.999870 -1.289497
1880 -0.999860 -1.387757
1881 -0.999849 -1.495543
1882 -0.999837 -1.614549
1883 -0.999824 -1.746891
1884 -0.999809 -1.895242
1885 -0.999792 -2.063031
1886 -0.999772 -2.254736
1887 -0.999750 -2.476310
1888 -0.999723 -2.735853
1889 -0.999692 -3.044672
1890 -0.999654 -3.419042
1891 -0.999606 -3.883282
1892 -0.999546 -4.475413
1893 -0.999467 -5.258408
1894 -0.999356 -6.344672
1895 -0.999192 -7.956394
1896 -0.998923 -10.602893
1897 -0.998397 -15.765798
1898 -0.996914 -30.337735
1899 -0.964320 -350.602982
1900 -1.003776 37.089451
1901 -1.001802 17.687264
1902 -1.001186 11.637131
1903 -1.000885 8.680677
1904 -1.000707 6.925633
1905 -1.000588 5.761594
1906 -1.000504 4.931766
1907 -1.000440 4.309300
1908 -1.000391 3.824323
1909 -1.000351 3.435181
1910 -1.000319 3.115494
1911 -1.000292 2.847747
1912 -1.000268 2.619852
1913 -1.000248 2.423195
1914 -1.000231 2.251474
1915 -1.000216 2.099971
1916 -1.000202 1.965082
1917 -1.000189 1.844007
1918 -1.000178 1.734537
1919 -1.000168 1.634906
1920 -1.000159 1.543684
1921 -1.000150 1.459703
1922 -1.000142 1.381994
1923 -1.000135 1.309752
1924 -1.000128 1.242298
1925 -1.000122 1.179058
1926 -1.000116 1.119541
1927 -1.000110 1.063325
1928 -1.000104 1.010046
1929 -1.000099 0.959386
1930 -1.000094 0.911066
1931 -1.000089 0.864843
1932 -1.000085 0.820499
1933 -1.000081 0.777843
1934 -1.000076 0.736701
1935 -1.000072 0.696918
1936 -1.000068 0.658355
1937 -1.000064 0.620883
1938 -1.000061 0.584387
1939 -1.000057 0.548759
1940 -1.000053 0.513901
1941 -1.000050 0.479721
1942 -1.000046 0.446132
1943 -1.000043 0.413053
1944 -1.000040 0.380408
1945 -1.000036 0.348124
1946 -1.000033 0.316129
1947 -1.000030 0.284355
1948 -1.000026 0.252736
1949 -1.000023 0.221207
1950 -1.000020 0.189702
1951 -1.000017 0.158156
1952 -1.000013 0.126504
1953 -1.000010 0.094680
1954 -1.000007 0.062615
1955 -1.000003 0.030239
1956 -1.000000 -0.002519
1957 -0.999996 -0.035738
1958 -0.999993 -0.069496
1959 -0.999989 -0.103879
1960 -0.999985 -0.138977
1961 -0.999982 -0.174890
1962 -0.999978 -0.211721
1963 -0.999974 -0.249586
1964 -0.999970 -0.288610
1965 -0.999965 -0.328931
1966 -0.999961 -0.370702
1967 -0.999956 -0.414092
1968 -0.999952 -0.459291
1969 -0.999947 -0.506510
1970 -0.999941 -0.555991
1971 -0.999936 -0.608004
1972 -0.999930 -0.662863
1973 -0.999924 -0.720923
1974 -0.999917 -0.782597
1975 -0.999910 -0.848365
1976 -0.999903 -0.918789
1977 -0.999895 -0.994528
1978 -0.999886 -1.076371
1979 -0.999876 -1.165256
1980 -0.999866 -1.262323
1981 -0.999855 -1.368959
1982 -0.999842 -1.486876
1983 -0.999828 -1.618212
1984 -0.999812 -1.765670
1985 -0.999794 -1.932725
1986 -0.999774 -2.123911
1987 -0.999750 -2.345269
1988 -0.999722 -2.605025
1989 -0.999689 -2.914678
1990 -0.999649 -3.290810
1991 -0.999599 -3.758240
1992 -0.999535 -4.355874
1993 -0.999450 -5.148349
1994 -0.999332 -6.251519
1995 -0.999156 -7.895726
1996 -0.998865 -10.613630
1997 -0.998290 -15.978411
1998 -0.996620 -31.569730
1999 -0.924883 -701.202960
2000 -1.003797 35.427906
2001 -1.001870 17.440396
2002 -1.001248 11.633071
2003 -1.000940 8.760695
2004 -1.000757 7.045389
2005 -1.000634 5.904013
2006 -1.000547 5.088935
2007 -1.000482 4.477077
2008 -1.000430 4.000354
2009 -1.000390 3.618047
2010 -1.000356 3.304303
2011 -1.000328 3.041925
2012 -1.000304 2.819024
2013 -1.000283 2.627119
2014 -1.000266 2.459998
2015 -1.000250 2.313008
2016 -1.000236 2.182589
2017 -1.000223 2.065979
2018 -1.000212 1.960996
2019 -1.000202 1.865895
2020 -1.000193 1.779264
2021 -1.000184 1.699950
2022 -1.000176 1.626999
2023 -1.000169 1.559616
2024 -1.000162 1.497134
2025 -1.000156 1.438988
2026 -1.000150 1.384697
2027 -1.000145 1.333849
2028 -1.000140 1.286089
2029 -1.000135 1.241108
2030 -1.000130 1.198638
2031 -1.000126 1.158444
2032 -1.000122 1.120319
2033 -1.000118 1.084081
2034 -1.000114 1.049569
2035 -1.000111 1.016638
2036 -1.000107 0.985161
2037 -1.000104 0.955023
2038 -1.000101 0.926120
2039 -1.000098 0.898359
2040 -1.000095 0.871658
2041 -1.000093 0.845939
2042 -1.000090 0.821134
2043 -1.000087 0.797179
2044 -1.000085 0.774019
2045 -1.000082 0.751599
2046 -1.000080 0.729873
2047 -1.000078 0.708795
2048 -1.000076 0.688327
2049 -1.000073 0.668429
2050 -1.000071 0.649069
2051 -1.000069 0.630213
2052 -1.000067 0.611832
2053 -1.000065 0.593899
2054 -1.000063 0.576388
2055 -1.000062 0.559275
2056 -1.000060 0.542538
2057 -1.000058 0.526157
2058 -1.000056 0.510112
2059 -1.000055 0.494385
2060 -1.000053 0.478959
2061 -1.000051 0.463818
2062 -1.000050 0.448946
2063 -1.000048 0.434330
2064 -1.000046 0.419956
2065 -1.000045 0.405812
2066 -1.000043 0.391885
2067 -1.000042 0.378165
2068 -1.000040 0.364640
2069 -1.000039 0.351300
2070 -1.000038 0.338136
2071 -1.000036 0.325138
2072 -1.000035 0.312297
2073 -1.000033 0.299606
2074 -1.000032 0.287055
2075 -1.000031 0.274638
2076 -1.000029 0.262346
2077 -1.000028 0.250174
2078 -1.000027 0.238113
2079 -1.000025 0.226157
2080 -1.000024 0.214301
2081 -1.000023 0.202537
2082 -1.000021 0.190860
2083 -1.000020 0.179265
2084 -1.000019 0.167745
2085 -1.000017 0.156295
2086 -1.000016 0.144910
2087 -1.000015 0.133584
2088 -1.000014 0.122314
2089 -1.000012 0.111093
2090 -1.000011 0.099917
2091 -1.000010 0.088782
2092 -1.000009 0.077682
2093 -1.000007 0.066613
2094 -1.000006 0.055570
2095 -1.000005 0.044550
2096 -1.000004 0.033547
2097 -1.000003 0.022557
